Product Name,Homepage Link
Zoho CRM,https://www.zoho.com/crm/
Zoho SalesIQ,https://www.zoho.com/salesiq/
Zoho Campaigns,https://www.zoho.com/campaigns/
Zoho Survey,https://www.zoho.com/survey/
Zoho Sites,https://www.zoho.com/sites/
Zoho Social,https://www.zoho.com/social/
Zoho Contact Manager,https://www.zoho.com/contactmanager/
Zoho Mail,https://www.zoho.com/mail/
Zoho Docs,https://www.zoho.com/docs/
Zoho Projects,https://www.zoho.com/projects/
Zoho Connect,https://www.zoho.com/connect/
Zoho Bug Tracker,https://www.zoho.com/bugtracker/
Zoho Meeting,https://www.zoho.com/meeting/
Zoho Vault,https://www.zoho.com/vault/
Zoho ShowTime,https://www.zoho.com/showtime/
Zoho Books,https://www.zoho.com/books/
Zoho Invoice,https://www.zoho.com/invoice/
Zoho Billing,https://www.zoho.com/billing/
Zoho Expense,https://www.zoho.com/expense/
Zoho Assist,https://www.zoho.com/assist/
Zoho Inventory,https://www.zoho.com/inventory/
Zoho Recruit,https://www.zoho.com/recruit/
Zoho People,https://www.zoho.com/people/
Zoho Bookings,https://www.zoho.com/bookings/
Zoho PageSense,https://www.zoho.com/pagesense/
Zoho Backstage,https://www.zoho.com/backstage/
Zoho Forms,https://www.zoho.com/forms/
Zoho Sprints,https://www.zoho.com/sprints/
Zoho Cliq,https://www.zoho.com/cliq/
Zoho WorkDrive,https://www.zoho.com/workdrive/
Zoho Sign,https://www.zoho.com/sign/
Zoho Checkout,https://www.zoho.com/checkout/
Zoho Creator,https://www.zoho.com/creator/
Zoho Analytics,https://www.zoho.com/analytics/
Zoho Flow,https://www.zoho.com/flow/
Zoho Remotely,https://www.zoho.com/remotely/
Zoho Motivator,https://www.zoho.com/motivator/
Zoho Orchestly,https://www.zoho.com/orchestly/
Zoho Classes,https://www.zoho.com/classes/
Zoho Commerce,https://www.zoho.com/commerce/
Zoho MarketingHub,https://www.zoho.com/marketinghub/
Zoho Zia Voice,https://www.zoho.com/zia/
Zoho Writer,https://www.zoho.com/writer/
Zoho PhoneBridge,https://www.zoho.com/phonebridge/
Zoho Zia,https://www.zoho.com/zia/
Zoho Workplace,https://www.zoho.com/workplace/
Zoho Finance Plus,https://www.zoho.com/finance/
Zoho CRM Plus,https://www.zoho.com/crm/crmplus/
Zoho One,https://www.zoho.com/one/
Zoho Desk,https://www.zoho.com/desk/
Zoho Notebook,https://www.zoho.com/notebook/
Zoho SalesInbox,https://www.zoho.com/salesinbox/
Zoho Marketplace,https://marketplace.zoho.com/
Zoho Calendar,https://www.zoho.com/calendar/
Zoho Sheet,https://www.zoho.com/sheet/
Zoho Workerly,https://www.zoho.com/workerly/
Zoho Contracts,https://www.zoho.com/contracts/
Zoho FSM,https://www.zoho.com/fsm/
Zoho DataPrep,https://www.zoho.com/dataprep/
Zoho Apptics,https://www.zoho.com/apptics/
Zoho BackToWork,https://www.zoho.com/backtowork/
Zoho Bigin,https://www.zoho.com/bigin/
Zoho Campfire,https://www.zoho.com/campfire/
Zoho Catalyst,https://www.zoho.com/catalyst/
Zoho Directory,https://www.zoho.com/directory/
Zoho Endpoint Central,https://www.zoho.com/endpointcentral/
Zoho LandingPage,https://www.zoho.com/landingpage/
Zoho Learn,https://www.zoho.com/learn/
Zoho Lens,https://www.zoho.com/lens/
Zoho Log360 Cloud,https://www.zoho.com/log360cloud/
Zoho Marketing Automation,https://www.zoho.com/marketingautomation/
Zoho Mobile Device Management,https://www.zoho.com/mdm/
Zoho Office Integrator,https://officeintegrator.zoho.com/
Zoho Office Suite,https://www.zoho.com/office/
Zoho Patch Manager Plus,https://www.zoho.com/patchmanagerplus/
Zoho Qntrl,https://www.zoho.com/qntrl/
Zoho Remote Access Plus,https://www.zoho.com/remoteaccessplus/
Zoho ResearchStudio,https://www.zoho.com/researchstudio/
Zoho RouteIQ,https://www.zoho.com/routeiq/
Zoho ServiceDesk Plus,https://www.zoho.com/servicedeskplus/
Zoho Shifts,https://www.zoho.com/shifts/
Zoho TeamInbox,https://www.zoho.com/teaminbox/
Zoho Thrive,https://www.zoho.com/thrive/
Zoho ToDo,https://www.zoho.com/todo/
Zoho Toolkit,https://toolkit.zoho.com/
Zoho Webinar,https://www.zoho.com/webinar/
Zoho ZeptoMail,https://www.zeptomail.zoho.com/
Zoho Payroll,https://www.zoho.com/payroll/
Zoho Zakia,https://www.zoho.com/zakia/
Zoho Tables,https://www.zoho.com/tables/
Zoho RPA,https://www.zoho.com/rpa/
Zoho Developer,https://www.zoho.com/developer/
